{
 "cells": [
  {
   "cell_type": "code",
   "execution_count": 1,
   "id": "0fcdfa60-832d-4c73-a762-e74bd431485c",
   "metadata": {},
   "outputs": [],
   "source": [
    "import numpy as np\n",
    "import matplotlib.pyplot as plt\n",
    "from sklearn.datasets import make_classification\n",
    "from sklearn.decomposition import PCA"
   ]
  },
  {
   "cell_type": "code",
   "execution_count": 2,
   "id": "b0b9138f-8a59-44d7-bff8-7b637d2fa864",
   "metadata": {},
   "outputs": [],
   "source": [
    "x,y = make_classification(n_features=5, n_classes=2, n_samples=20)"
   ]
  },
  {
   "cell_type": "code",
   "execution_count": 3,
   "id": "570f079d-4019-44b9-ad64-b7c7c4927626",
   "metadata": {},
   "outputs": [
    {
     "data": {
      "text/plain": [
       "array([[-1.26702643, -0.24767198,  0.40781419,  1.13258121,  0.92218845],\n",
       "       [ 0.04770906,  0.30547147, -1.34443642, -1.45629943, -0.00930001],\n",
       "       [ 0.50295236, -0.27390301,  0.57411577,  1.26122489,  0.85480907],\n",
       "       [-1.73648602,  0.27140304, -0.07563314, -1.21489046, -1.5082788 ],\n",
       "       [-0.08986984, -0.3568809 ,  2.95931881,  1.79942451, -1.85080547],\n",
       "       [-0.76789506,  0.57973088, -2.13552419, -2.7344309 , -0.57533667],\n",
       "       [ 1.95377693, -0.3471419 ,  3.25772237,  1.77708839, -2.30862545],\n",
       "       [-0.35579499, -0.22082497,  1.61580817,  1.09821771, -0.85655189],\n",
       "       [ 0.07279566,  0.12623376, -2.38148109, -0.73071351,  2.44407634],\n",
       "       [ 1.2647907 ,  0.50298297, -1.67357677, -2.35977809, -0.73946431],\n",
       "       [-2.14833609,  0.32718943, -1.6270721 , -1.57304307,  0.24081092],\n",
       "       [ 0.16632103, -0.37032885,  2.77478424,  1.84632926, -1.52364784],\n",
       "       [-0.9109574 , -0.14253531, -0.27698515,  0.61567608,  1.21671308],\n",
       "       [-2.65261357,  0.77494858, -2.11822269, -3.6032281 , -1.75635816],\n",
       "       [-1.3220355 ,  0.09664683, -2.84837691, -0.6318175 ,  3.2455046 ],\n",
       "       [-0.00637868,  0.2445924 , -2.53060202, -1.26872554,  1.94201823],\n",
       "       [-0.83391019,  0.21756125, -0.25120013, -0.987331  , -0.95356986],\n",
       "       [-1.0212146 ,  0.39154023, -1.42841519, -1.84580743, -0.40718217],\n",
       "       [-0.26396666, -0.31345977,  2.34855255,  1.5627912 , -1.28950257],\n",
       "       [-0.53276536, -0.39472247,  1.33033429,  1.85306506,  0.55754922]])"
      ]
     },
     "execution_count": 3,
     "metadata": {},
     "output_type": "execute_result"
    }
   ],
   "source": [
    "x"
   ]
  },
  {
   "cell_type": "code",
   "execution_count": 4,
   "id": "387655f1-c5e4-4dbc-8754-96bbb8dc0333",
   "metadata": {},
   "outputs": [],
   "source": [
    "x1_mean = x[:,0].mean()\n",
    "x2_mean = x[:,1].mean()\n",
    "x3_mean = x[:,2].mean()\n",
    "x4_mean = x[:,3].mean()\n",
    "x5_mean = x[:,4].mean()"
   ]
  },
  {
   "cell_type": "code",
   "execution_count": 5,
   "id": "370b3754-f0c3-4941-bfec-9fde4f211d52",
   "metadata": {},
   "outputs": [],
   "source": [
    "x1 = x[:,0]-x1_mean\n",
    "x2 = x[:,1]-x2_mean\n",
    "x3 = x[:,2]-x3_mean\n",
    "x4 = x[:,3]-x4_mean\n",
    "x5 = x[:,4]-x5_mean"
   ]
  },
  {
   "cell_type": "code",
   "execution_count": 6,
   "id": "61ed9cdf-3193-4a52-b9f7-ced5e01ca696",
   "metadata": {},
   "outputs": [
    {
     "data": {
      "text/plain": [
       "array([[-0.77198119, -0.30621356,  0.57896796,  1.40556455,  1.03993611],\n",
       "       [ 0.54275429,  0.24692989, -1.17328265, -1.18331609,  0.10844765],\n",
       "       [ 0.99799759, -0.3324446 ,  0.74526954,  1.53420823,  0.97255674],\n",
       "       [-1.24144079,  0.21286146,  0.09552063, -0.94190713, -1.39053113],\n",
       "       [ 0.40517539, -0.41542249,  3.13047258,  2.07240784, -1.7330578 ],\n",
       "       [-0.27284983,  0.5211893 , -1.96437042, -2.46144756, -0.45758901],\n",
       "       [ 2.44882216, -0.40568348,  3.42887614,  2.05007172, -2.19087779],\n",
       "       [ 0.13925025, -0.27936656,  1.78696194,  1.37120105, -0.73880422],\n",
       "       [ 0.5678409 ,  0.06769218, -2.21032732, -0.45773017,  2.56182401],\n",
       "       [ 1.75983593,  0.44444138, -1.502423  , -2.08679476, -0.62171665],\n",
       "       [-1.65329086,  0.26864785, -1.45591833, -1.30005973,  0.35855858],\n",
       "       [ 0.66136627, -0.42887043,  2.94593801,  2.1193126 , -1.40590018],\n",
       "       [-0.41591217, -0.20107689, -0.10583138,  0.88865941,  1.33446074],\n",
       "       [-2.15756834,  0.716407  , -1.94706892, -3.33024476, -1.6386105 ],\n",
       "       [-0.82699027,  0.03810524, -2.67722314, -0.35883417,  3.36325226],\n",
       "       [ 0.48866656,  0.18605082, -2.35944825, -0.99574221,  2.05976589],\n",
       "       [-0.33886496,  0.15901966, -0.08004636, -0.71434766, -0.83582219],\n",
       "       [-0.52616937,  0.33299865, -1.25726142, -1.5728241 , -0.2894345 ],\n",
       "       [ 0.23107858, -0.37200135,  2.51970632,  1.83577453, -1.17175491],\n",
       "       [-0.03772013, -0.45326405,  1.50148806,  2.12604839,  0.67529689]])"
      ]
     },
     "execution_count": 6,
     "metadata": {},
     "output_type": "execute_result"
    }
   ],
   "source": [
    "data = np.array([x1, x2, x3, x4, x5]).T\n",
    "data"
   ]
  },
  {
   "cell_type": "code",
   "execution_count": 7,
   "id": "66985b41-b0ae-49dc-a913-a8bfe8f1a7ea",
   "metadata": {},
   "outputs": [
    {
     "data": {
      "text/plain": [
       "array([[ 1.18263073, -0.16717539,  0.893047  ,  0.80809284, -0.20576603],\n",
       "       [-0.16717539,  0.13291409, -0.59709426, -0.63450766,  0.01219526],\n",
       "       [ 0.893047  , -0.59709426,  3.97651313,  2.94178745, -1.78982676],\n",
       "       [ 0.80809284, -0.63450766,  2.94178745,  3.03547453, -0.18071198],\n",
       "       [-0.20576603,  0.01219526, -1.78982676, -0.18071198,  2.32722404]])"
      ]
     },
     "execution_count": 7,
     "metadata": {},
     "output_type": "execute_result"
    }
   ],
   "source": [
    "cov_matrix = np.cov(data.T)\n",
    "cov_matrix"
   ]
  },
  {
   "cell_type": "code",
   "execution_count": 8,
   "id": "2575bd7f-9c92-4381-b5c9-63f6970bb3af",
   "metadata": {},
   "outputs": [],
   "source": [
    "eig_value, eig_vec = np.linalg.eig(cov_matrix)"
   ]
  },
  {
   "cell_type": "code",
   "execution_count": 9,
   "id": "6c542d25-e7f2-4b98-b10f-8de9ae727d33",
   "metadata": {},
   "outputs": [
    {
     "data": {
      "text/plain": [
       "array([ 7.31249629e+00,  9.15560448e-01,  2.42669978e+00, -4.05147534e-16,\n",
       "       -8.57087441e-17])"
      ]
     },
     "execution_count": 9,
     "metadata": {},
     "output_type": "execute_result"
    }
   ],
   "source": [
    "eig_value"
   ]
  },
  {
   "cell_type": "code",
   "execution_count": 10,
   "id": "e16077a6-bc48-4acc-a816-5a66d7809589",
   "metadata": {},
   "outputs": [
    {
     "data": {
      "text/plain": [
       "array([[ 1.95011667e-01, -9.72739571e-01, -1.25491741e-01,\n",
       "        -4.88619024e-17, -5.74034630e-17],\n",
       "       [-1.16435793e-01, -3.82577850e-02,  1.15613371e-01,\n",
       "         1.89722988e-01, -7.19805604e-01],\n",
       "       [ 7.33053976e-01,  1.32387583e-01,  1.12959125e-01,\n",
       "         6.55728468e-01, -5.03313821e-01],\n",
       "       [ 5.70668259e-01,  1.79848467e-01, -5.07274431e-01,\n",
       "        -5.68496116e-01,  3.15958405e-01],\n",
       "       [-2.92203291e-01,  4.94178738e-02, -8.37136941e-01,\n",
       "         4.59170481e-01, -3.58783188e-01]])"
      ]
     },
     "execution_count": 10,
     "metadata": {},
     "output_type": "execute_result"
    }
   ],
   "source": [
    "eig_vec"
   ]
  },
  {
   "cell_type": "code",
   "execution_count": 11,
   "id": "fc700481-5b0d-4d8d-85a0-1cb15bb200ce",
   "metadata": {},
   "outputs": [
    {
     "data": {
      "text/plain": [
       "array([[ 8.07761958e-01,  1.14347994e+00, -1.45670130e+00,\n",
       "         2.30767024e-16, -4.53615884e-17],\n",
       "       [-1.48995726e+00, -9.00191952e-01,  3.37384697e-01,\n",
       "        -1.80981791e-16, -9.33254554e-17],\n",
       "       [ 1.37099208e+00, -5.35422036e-01, -1.67191828e+00,\n",
       "         1.40290719e-16, -1.35516265e-16],\n",
       "       [-3.28057082e-01,  9.73983075e-01,  1.83306050e+00,\n",
       "        -3.26972277e-16,  3.88675806e-16],\n",
       "       [ 4.11125191e+00,  3.23274049e-01,  6.54268079e-01,\n",
       "         8.91388466e-17,  2.73056779e-16],\n",
       "       [-2.82484451e+00, -4.79886617e-01,  1.50429736e+00,\n",
       "        -6.75252777e-16,  2.68490768e-16],\n",
       "       [ 4.84842882e+00, -1.65217131e+00,  8.27229219e-01,\n",
       "        -3.67712847e-16,  4.48842809e-16],\n",
       "       [ 2.36800518e+00,  3.21903565e-01,  7.49854669e-02,\n",
       "        -5.98471164e-17,  1.28735699e-16],\n",
       "       [-2.52722091e+00, -8.03293129e-01, -2.22551256e+00,\n",
       "         7.59715484e-17, -5.45040952e-16],\n",
       "       [-1.81911737e+00, -2.33379829e+00,  1.23986570e+00,\n",
       "        -4.57717316e-16, -8.52472081e-17],\n",
       "       [-2.26763277e+00,  1.18910351e+00,  4.33398796e-01,\n",
       "        -1.19675564e-16, -2.26230455e-17],\n",
       "       [ 3.95867467e+00,  7.47546313e-02,  3.02049300e-01,\n",
       "        -8.39277029e-17,  2.44968098e-16],\n",
       "       [-1.80793896e-02,  6.24026465e-01, -1.55092884e+00,\n",
       "         1.76299842e-16, -1.81868927e-16],\n",
       "       [-3.35313063e+00,  1.13366015e+00,  3.19473344e+00,\n",
       "        -7.29900793e-16,  4.51735087e-16],\n",
       "       [-3.31578728e+00,  5.50226234e-01, -2.82770617e+00,\n",
       "         3.56408936e-16, -7.75533291e-16],\n",
       "       [-2.82607906e+00, -8.72118299e-01, -1.52552642e+00,\n",
       "         1.10266313e-16, -5.22395567e-16],\n",
       "       [-3.06702045e-01,  1.43167585e-01,  1.11393552e+00,\n",
       "        -2.02668542e-16,  1.52304065e-16],\n",
       "       [-1.87600969e+00,  3.54669324e-02,  1.00265962e+00,\n",
       "        -2.36651324e-16,  7.51888588e-17],\n",
       "       [ 3.32546692e+00,  3.95286101e-01,  2.62294871e-01,\n",
       "         1.04051049e-16,  2.35952635e-16],\n",
       "       [ 2.16203645e+00,  6.68549397e-01, -1.52186901e+00,\n",
       "         2.07160309e-16, -6.17142764e-17]])"
      ]
     },
     "execution_count": 11,
     "metadata": {},
     "output_type": "execute_result"
    }
   ],
   "source": [
    "pc = np.dot(data, eig_vec)\n",
    "pc"
   ]
  },
  {
   "cell_type": "code",
   "execution_count": 12,
   "id": "46c58bba-8bc7-4266-9534-912d23ad5bcc",
   "metadata": {},
   "outputs": [
    {
     "data": {
      "text/plain": [
       "array([[ 0.80776196,  1.14347994],\n",
       "       [-1.48995726, -0.90019195],\n",
       "       [ 1.37099208, -0.53542204],\n",
       "       [-0.32805708,  0.97398307],\n",
       "       [ 4.11125191,  0.32327405],\n",
       "       [-2.82484451, -0.47988662],\n",
       "       [ 4.84842882, -1.65217131],\n",
       "       [ 2.36800518,  0.32190356],\n",
       "       [-2.52722091, -0.80329313],\n",
       "       [-1.81911737, -2.33379829],\n",
       "       [-2.26763277,  1.18910351],\n",
       "       [ 3.95867467,  0.07475463],\n",
       "       [-0.01807939,  0.62402646],\n",
       "       [-3.35313063,  1.13366015],\n",
       "       [-3.31578728,  0.55022623],\n",
       "       [-2.82607906, -0.8721183 ],\n",
       "       [-0.30670205,  0.14316758],\n",
       "       [-1.87600969,  0.03546693],\n",
       "       [ 3.32546692,  0.3952861 ],\n",
       "       [ 2.16203645,  0.6685494 ]])"
      ]
     },
     "execution_count": 12,
     "metadata": {},
     "output_type": "execute_result"
    }
   ],
   "source": [
    "principal_comp = pc[:,:2]\n",
    "principal_comp"
   ]
  },
  {
   "cell_type": "code",
   "execution_count": 13,
   "id": "1a6cd91e-d560-4e7c-84d5-24b5fa3b5c20",
   "metadata": {},
   "outputs": [],
   "source": [
    "pc1 = PCA(n_components=2)"
   ]
  },
  {
   "cell_type": "code",
   "execution_count": 14,
   "id": "22034383-d5b5-4bd3-af4d-be3a9bb1857a",
   "metadata": {},
   "outputs": [
    {
     "data": {
      "text/plain": [
       "array([[ 0.80776196, -1.4567013 ],\n",
       "       [-1.48995726,  0.3373847 ],\n",
       "       [ 1.37099208, -1.67191828],\n",
       "       [-0.32805708,  1.8330605 ],\n",
       "       [ 4.11125191,  0.65426808],\n",
       "       [-2.82484451,  1.50429736],\n",
       "       [ 4.84842882,  0.82722922],\n",
       "       [ 2.36800518,  0.07498547],\n",
       "       [-2.52722091, -2.22551256],\n",
       "       [-1.81911737,  1.2398657 ],\n",
       "       [-2.26763277,  0.4333988 ],\n",
       "       [ 3.95867467,  0.3020493 ],\n",
       "       [-0.01807939, -1.55092884],\n",
       "       [-3.35313063,  3.19473344],\n",
       "       [-3.31578728, -2.82770617],\n",
       "       [-2.82607906, -1.52552642],\n",
       "       [-0.30670205,  1.11393552],\n",
       "       [-1.87600969,  1.00265962],\n",
       "       [ 3.32546692,  0.26229487],\n",
       "       [ 2.16203645, -1.52186901]])"
      ]
     },
     "execution_count": 14,
     "metadata": {},
     "output_type": "execute_result"
    }
   ],
   "source": [
    "pc1.fit_transform(x)"
   ]
  },
  {
   "cell_type": "code",
   "execution_count": null,
   "id": "805c6ae7-4012-46dc-8230-b2ca3d3df0f3",
   "metadata": {},
   "outputs": [],
   "source": []
  }
 ],
 "metadata": {
  "kernelspec": {
   "display_name": "Python 3 (ipykernel)",
   "language": "python",
   "name": "python3"
  },
  "language_info": {
   "codemirror_mode": {
    "name": "ipython",
    "version": 3
   },
   "file_extension": ".py",
   "mimetype": "text/x-python",
   "name": "python",
   "nbconvert_exporter": "python",
   "pygments_lexer": "ipython3",
   "version": "3.12.0"
  }
 },
 "nbformat": 4,
 "nbformat_minor": 5
}
